camera_matrix:
- - 746.0786567571549
  - 0.0
  - 358.57896100905356
- - 0.0
  - 744.7496637955146
  - 227.43826207798142
- - 0.0
  - 0.0
  - 1.0
dist_coeff:
- - 0.2426042834411188
  - -3.003608426849838
  - 0.015757067240350548
  - 0.010088156544363229
  - 12.219112296745958
