camera_matrix:
- - 962.010615464422
  - 0.0
  - 425.6707025062377
- - 0.0
  - 962.8746096860673
  - 317.1265710986285
- - 0.0
  - 0.0
  - 1.0
dist_coeff:
- - 0.003140580327739431
  - 1.6600366238379036
  - 0.00573033601855557
  - 0.00372058325585085
  - -6.24897868198382
