camera_matrix:
- - 399.27858310613266
  - 0.0
  - 209.64940852423166
- - 0.0
  - 403.58462357328625
  - 98.5459525718511
- - 0.0
  - 0.0
  - 1.0
dist_coeff:
- - 0.11759840983006686
  - -3.219623613579749
  - -0.03347654354897793
  - 0.06637089050391892
  - 1.3049869434985033
